name: peppan-env
channels:
  - bioconda
  - conda-forge
  - defaults
dependencies:
  - _libgcc_mutex=0.1=conda_forge
  - _openmp_mutex=4.5=2_gnu
  - aria2=1.37.0=h347180d_1
  - blast=2.15.0=pl5321h6f7f691_1
  - bzip2=1.0.8=h4bc722e_7
  - c-ares=1.32.3=h4bc722e_0
  - ca-certificates=2024.7.4=hbcca054_0
  - curl=8.8.0=he654da7_1
  - diamond=2.1.9=h43eeafb_0
  - entrez-direct=22.4=he881be0_0
  - fasttree=2.1.11=h031d066_4
  - gawk=5.3.0=ha916aea_0
  - gettext=0.22.5=he02047a_3
  - gettext-tools=0.22.5=he02047a_3
  - gmp=6.3.0=hac33072_2
  - icu=73.2=h59595ed_0
  - keyutils=1.6.1=h166bdaf_0
  - krb5=1.21.3=h659f571_0
  - ld_impl_linux-64=2.40=hf3520f5_7
  - libasprintf=0.22.5=he8f35ee_3
  - libasprintf-devel=0.22.5=he8f35ee_3
  - libblas=3.9.0=23_linux64_openblas
  - libcblas=3.9.0=23_linux64_openblas
  - libcurl=8.8.0=hca28451_1
  - libedit=3.1.20191231=he28a2e2_2
  - libev=4.33=hd590300_2
  - libexpat=2.6.2=h59595ed_0
  - libffi=3.4.2=h7f98852_5
  - libgcc-ng=14.1.0=h77fa898_0
  - libgettextpo=0.22.5=he02047a_3
  - libgettextpo-devel=0.22.5=he02047a_3
  - libgfortran-ng=14.1.0=h69a702a_0
  - libgfortran5=14.1.0=hc5f4f2c_0
  - libgomp=14.1.0=h77fa898_0
  - libiconv=1.17=hd590300_2
  - libidn2=2.3.7=hd590300_0
  - liblapack=3.9.0=23_linux64_openblas
  - libnghttp2=1.58.0=h47da74e_1
  - libnsl=2.0.1=hd590300_0
  - libopenblas=0.3.27=pthreads_hac2b453_1
  - libsqlite=3.46.0=hde9e2c9_0
  - libssh2=1.11.0=h0841786_0
  - libstdcxx-ng=14.1.0=hc0a3c3a_0
  - libunistring=0.9.10=h7f98852_0
  - libuuid=2.38.1=h0b41bf4_0
  - libxcrypt=4.4.36=hd590300_1
  - libxml2=2.12.7=hc051c1a_1
  - libzlib=1.2.13=h4ab18f5_6
  - mmseqs2=15.6f452=pl5321h6a68c12_3
  - mpfr=4.2.1=h38ae2d0_2
  - ncbi-vdb=3.1.1=h4ac6f70_1
  - ncurses=6.5=h59595ed_0
  - numpy=1.26.4=py312heda63a1_0
  - openssl=3.3.1=hb9d3cd8_3
  - pcre=8.45=h9c3ff4c_0
  - perl=5.32.1=7_hd590300_perl5
  - perl-archive-tar=2.40=pl5321hdfd78af_0
  - perl-carp=1.38=pl5321hdfd78af_4
  - perl-common-sense=3.75=pl5321hdfd78af_0
  - perl-compress-raw-bzip2=2.201=pl5321h87f3376_1
  - perl-compress-raw-zlib=2.105=pl5321h87f3376_0
  - perl-encode=3.19=pl5321hec16e2b_1
  - perl-exporter=5.72=pl5321hdfd78af_2
  - perl-exporter-tiny=1.002002=pl5321hdfd78af_0
  - perl-extutils-makemaker=7.70=pl5321hd8ed1ab_0
  - perl-io-compress=2.201=pl5321hdbdd923_2
  - perl-io-zlib=1.14=pl5321hdfd78af_0
  - perl-json=4.10=pl5321hdfd78af_1
  - perl-json-xs=4.03=pl5321h4ac6f70_3
  - perl-list-moreutils=0.430=pl5321hdfd78af_0
  - perl-list-moreutils-xs=0.430=pl5321h031d066_2
  - perl-parent=0.236=pl5321hdfd78af_2
  - perl-pathtools=3.75=pl5321hec16e2b_3
  - perl-scalar-list-utils=1.62=pl5321hec16e2b_1
  - perl-types-serialiser=1.01=pl5321hdfd78af_0
  - pip=24.2=pyhd8ed1ab_0
  - python=3.12.3=hab00c5b_0_cpython
  - python_abi=3.12=5_cp312
  - rapidnj=2.3.2=h4ac6f70_5
  - readline=8.2=h8228510_1
  - rpsbproc=0.5.0=h6a68c12_0
  - setuptools=72.2.0=pyhd8ed1ab_0
  - sqlite=3.46.0=h6d4b2fc_0
  - tk=8.6.13=noxft_h4845f30_101
  - wget=1.21.4=hda4d442_0
  - wheel=0.44.0=pyhd8ed1ab_0
  - xz=5.2.6=h166bdaf_0
  - zlib=1.2.13=h4ab18f5_6
  - zstd=1.5.6=ha6fb4c9_0
  - pip:
      - ete3==3.1.3
      - llvmlite==0.43.0
      - numba==0.60.0
      - pandas==2.2.2
      - peppan==1.0.6
      - python-dateutil==2.9.0.post0
      - pytz==2024.1
      - scipy==1.14.1
      - six==1.16.0
      - tzdata==2024.1
prefix: /scicore/home/neher/ottben00/miniconda3/envs/peppan-env
